1 0 14 28 42 56 70 84 98 112 3 140 2 168 1
2 1 15 29 43 57 71 85 99 113 3 141 2 169 183
3 2 16 30 6 58 72 86 100 114 3 142 156 170 184
4 3 17 31 6 59 73 87 4 115 129 143 157 171 185
5 4 18 32 6 60 5 88 4 116 130 144 158 172 186
6 5 19 33 6 61 5 89 4 117 131 145 159 173 187
7 6 7 34 6 62 5 90 4 118 132 146 160 174 188
8 7 7 35 6 63 5 91 105 119 133 147 161 175 189
9 8 7 36 50 64 5 92 106 120 134 148 162 176 190
10 9 7 37 51 65 79 93 107 121 135 149 163 177 191
11 10 7 38 52 66 80 94 108 122 136 150 164 178 192
12 11 7 39 53 67 81 95 109 123 137 151 165 179 193
13 12 7 40 54 68 82 96 110 124 138 152 166 180 194
14 13 27 41 55 69 83 97 111 125 139 153 167 181 195
15